Gene	WT_Nondiff_3_Control_vs_WT_Nondiff_2_Control-FC	WT_Nondiff_3_Control_vs_WT_Nondiff_2_Control-p	WT_Nondiff_3_Control_vs_WT_Nondiff_2_Control-FDR	WT_Nondiff_ESCs_Control_vs_WT_Nondiff_1_Control-FC	WT_Nondiff_ESCs_Control_vs_WT_Nondiff_1_Control-p	WT_Nondiff_ESCs_Control_vs_WT_Nondiff_1_Control-FDR	WT_Nondiff_ESCs_Control_vs_WT_Nondiff_2_Control-FC	WT_Nondiff_ESCs_Control_vs_WT_Nondiff_2_Control-p	WT_Nondiff_ESCs_Control_vs_WT_Nondiff_2_Control-FDR	WT_Nondiff_ESCs_Control_vs_WT_Nondiff_3_Control-FC	WT_Nondiff_ESCs_Control_vs_WT_Nondiff_3_Control-p	WT_Nondiff_ESCs_Control_vs_WT_Nondiff_3_Control-FDR
0610005C13Rik	1.3	0.32	0.42	-0.66	0.6	0.9	-1.2	0.064	0.22	-2.6	0.068	0.22
0610007P14Rik	0.08	0.36	0.46	0.67	0.0078	0.1	0.46	0.013	0.071	0.38	0.027	0.11
0610009B14Rik	1.6	0.32	0.42	3	0.074	0.37	0.05	0.97	0.98	-1.5	0.22	0.53
0610009B22Rik	-0.02	0.87	0.9	-0.11	0.61	0.9	-0.64	0.019	0.094	-0.61	0.035	0.13
0610009D07Rik	0.19	0.13	0.21	-0.03	0.73	0.9	-0.38	0.0029	0.029	-0.57	0.0052	0.036
0610009E02Rik	-0.19	0.59	0.67	0.51	0.25	0.79	1.6	0.0084	0.054	1.8	0.0093	0.051
0610009L18Rik	-1.2	0.013	0.028	0.55	0.76	0.9	1.9	0.14	0.41	3.1	0.042	0.15
0610009O20Rik	0.25	0.21	0.31	0.49	0.22	0.75	0.89	0.027	0.12	0.64	0.071	0.22
0610010F05Rik	-0.18	0.099	0.17	0.66	0.014	0.14	0.37	0.043	0.16	0.54	0.019	0.084
0610010K14Rik	0.2	0.76	0.82	0.34	0.76	0.9	0.23	0.83	0.85	0.02	0.98	0.98
0610011F06Rik	-0.35	0.43	0.53	0.68	0.29	0.82	0.75	0.16	0.46	1.1	0.1	0.3
0610012D04Rik	0.16	0.002	0.0048	-0.04	0.86	0.9	0.06	0.77	0.8	-0.1	0.64	0.68
0610012G03Rik	-0.18	0.73	0.79	-0.66	0.58	0.9	0.42	0.5	0.8	0.6	0.41	0.68
0610012H03Rik	0.43	0.1	0.17	0.62	0.34	0.85	-0.22	0.67	0.8	-0.63	0.26	0.62
0610025J13Rik	-1.8	0.021	0.045	-1.2	0.24	0.76	-1.1	0.26	0.59	0.7	0.47	0.68
0610030E20Rik	-0.22	0.11	0.18	0.28	0.15	0.58	0.3	0.093	0.3	0.51	0.03	0.12
0610031J06Rik	-0.18	0.52	0.6	-0.02	0.96	0.97	0.01	0.98	0.99	0.19	0.62	0.68
0610037L13Rik	0.14	0.003	0.007	-0.05	0.76	0.9	0.04	0.69	0.8	-0.09	0.43	0.68
0610038L08Rik	0.16	0.002	0.0048	-0.04	0.86	0.9	0.06	0.77	0.8	-0.1	0.64	0.68
0610039K10Rik	1.4	0.43	0.53	-1.2	0.52	0.9	-0.3	0.18	0.5	-1.7	0.24	0.58
0610040B09Rik	2.4	0.035	0.07	0.75	0.3	0.82	2.3	0.015	0.079	-0.1	0.64	0.68
0610040B10Rik	-0.54	0.095	0.16	-0.36	0.59	0.9	0.17	0.79	0.82	0.71	0.31	0.67
0610040F04Rik	-1.2	0.42	0.52	1.5	0.14	0.57	-0.73	0.26	0.59	0.51	0.69	0.73
0610040J01Rik	0.42	0.31	0.41	0.7	0.31	0.83	1	0.13	0.38	0.57	0.37	0.68
0610043K17Rik	-0.26	0.55	0.64	0.49	0.86	0.9	0.45	0.79	0.82	0.69	0.69	0.73
1100001G20Rik	0.16	0.002	0.0048	-0.04	0.86	0.9	0.06	0.77	0.8	-0.1	0.64	0.68
1110001A16Rik	-0.26	0.046	0.089	-0.13	0.32	0.84	-1	0.00081	0.016	-0.74	0.0024	0.024
1110001J03Rik	-0.38	0.44	0.54	0.56	0.36	0.89	0.2	0.69	0.8	0.58	0.37	0.68
1110002E22Rik	-0.94	0.017	0.037	-0.22	0.9	0.93	-0.42	0.7	0.8	0.52	0.63	0.68
1110002L01Rik	0.45	0.16	0.25	-0.98	0.00071	0.044	-1	0.0027	0.028	-1.5	0.0018	0.02
1110004E09Rik	0.03	0.8	0.85	-0.69	0.012	0.13	-0.29	0.12	0.37	-0.32	0.094	0.28
1110004F10Rik	0.1	0.098	0.17	0.3	0.013	0.14	0.39	0.0055	0.042	0.29	0.023	0.096
1110006G14Rik	-1.4	9.5e-06	0.0016	-0.04	0.86	0.9	0.06	0.77	0.8	1.5	0.0028	0.025
1110007C09Rik	-0.83	0.34	0.43	0.2	0.84	0.9	1	0.15	0.42	1.9	0.086	0.26
1110008E08Rik	0.16	0.002	0.0048	1.1	0.33	0.84	0.06	0.77	0.8	-0.1	0.64	0.68
1110008F13Rik	0.46	0.026	0.053	-0.55	0.0018	0.057	-0.7	0.00036	0.012	-1.2	0.00058	0.012
1110008J03Rik	-0.12	0.75	0.81	-0.09	0.91	0.94	0.14	0.81	0.84	0.26	0.64	0.68
1110008L16Rik	0.06	0.54	0.62	-0.91	0.0065	0.095	-1.2	0.00032	0.012	-1.3	0.00056	0.012
1110008P14Rik	0.22	0.56	0.64	0.28	0.64	0.9	0.18	0.75	0.8	-0.03	0.95	0.95
1110012L19Rik	-0.35	0.03	0.062	-0.24	0.16	0.6	-0.53	0.018	0.089	-0.18	0.29	0.65
1110017D15Rik	-0.95	0.042	0.081	-0.05	0.97	0.98	1.2	0.22	0.58	2.2	0.068	0.22
1110018G07Rik	0.03	0.76	0.81	0.26	0.059	0.32	0.22	0.05	0.19	0.19	0.074	0.23
1110018N20Rik	-0.98	0.19	0.28	-0.93	0.025	0.19	-0.83	0.039	0.15	0.15	0.76	0.79
1110025L11Rik	0.16	0.002	0.0048	-0.04	0.86	0.9	0.06	0.77	0.8	-0.1	0.64	0.68
1110028F11Rik	-2.6	0.18	0.28	0.33	0.77	0.9	0.85	0.56	0.8	3.5	0.005	0.035
1110032A03Rik	-0.86	0.077	0.14	0.87	0.0093	0.11	0.36	0.1	0.32	1.2	0.013	0.065
1110032F04Rik	0.55	0.56	0.64	0.51	0.32	0.84	0.12	0.84	0.87	-0.43	0.59	0.68
1110034G24Rik	-0.03	0.76	0.82	0.48	0.02	0.17	-0.56	0.0097	0.06	-0.53	0.024	0.098
1110035H17Rik	2.7	0.0029	0.0067	0.75	0.3	0.82	2.6	0.0011	0.019	-0.1	0.64	0.68
1110035M17Rik	-1.2	0.42	0.52	-0.04	0.86	0.9	0.06	0.77	0.8	1.3	0.3	0.66
1110037F02Rik	-0.02	0.69	0.76	0.14	0.21	0.72	-0.33	0.0081	0.053	-0.31	0.015	0.07
1110038B12Rik	0.48	0.042	0.082	-0.58	0.089	0.42	0.06	0.8	0.83	-0.41	0.19	0.48
1110038F14Rik	0.06	0.74	0.79	0.3	0.42	0.9	0.75	0.063	0.22	0.69	0.055	0.18
1110046J04Rik	-0.37	0.43	0.53	0.69	0.1	0.46	0.84	0.02	0.096	1.2	0.037	0.13
1110051M20Rik	-0.45	0.048	0.091	-0.16	0.41	0.9	0.88	0.0033	0.031	1.3	0.0018	0.02
1110057K04Rik	0.11	0.44	0.54	-0.17	0.19	0.68	-0.21	0.11	0.33	-0.31	0.058	0.19
1110057P08Rik	0.16	0.002	0.0048	-0.04	0.86	0.9	0.06	0.77	0.8	-0.1	0.64	0.68
1110058L19Rik	-0.32	0.045	0.087	0.1	0.49	0.9	-0.37	0.024	0.11	-0.05	0.7	0.74
1110059E24Rik	-0.27	0.084	0.15	-0.38	0.096	0.44	-0.6	0.027	0.12	-0.33	0.14	0.39
1110059G10Rik	-0.04	0.54	0.63	0.04	0.82	0.9	-0.03	0.88	0.9	0	0.98	0.98
1110059M19Rik	1.3	0.31	0.41	-0.04	0.86	0.9	1.2	0.26	0.59	-0.1	0.64	0.68
1110065P20Rik	-0.19	0.54	0.62	0.49	0.56	0.9	1.1	0.15	0.42	1.3	0.11	0.32
1190002N15Rik	-1	0.088	0.15	0.09	0.65	0.9	0.63	0.052	0.19	1.7	0.0076	0.046
1190003J15Rik	1.1	0.086	0.15	-1.8	0.0016	0.056	-3.1	0.0015	0.021	-4.2	0.00019	0.0087
1190003K10Rik	0.16	0.002	0.0048	-0.04	0.86	0.9	0.06	0.77	0.8	-0.1	0.64	0.68
1190007I07Rik	0.28	0.47	0.56	-0.82	0.12	0.52	-1.3	0.028	0.12	-1.6	0.017	0.077
1200007C13Rik	0.16	0.002	0.0048	-0.04	0.86	0.9	0.06	0.77	0.8	-0.1	0.64	0.68
1200011I18Rik	-0.14	0.22	0.32	0.01	0.94	0.96	-0.18	0.26	0.59	-0.04	0.77	0.8
1200014J11Rik	0.15	0.18	0.28	0.06	0.48	0.9	-0.35	0.008	0.052	-0.5	0.0087	0.049
1300002K09Rik	-0.06	0.9	0.93	1.7	0.024	0.19	0.02	0.96	0.97	0.08	0.84	0.86
1300015D01Rik	-1	0.32	0.42	2.3	0.19	0.69	0.62	0.64	0.8	1.6	0.29	0.65
1300017J02Rik	0.61	0.42	0.52	2.8	0.14	0.56	1.7	0.29	0.65	1.1	0.5	0.68
1300018J18Rik	-0.28	0.011	0.024	1.7	2e-04	0.042	2.2	6.5e-05	0.008	2.5	5.9e-05	0.007
1500002C15Rik	-0.91	0.049	0.092	0.81	0.06	0.32	0.98	0.046	0.18	1.9	0.0044	0.032
1500002O10Rik	0.32	0.11	0.19	1	0.19	0.69	3.9	0.00011	0.0088	3.6	0.00016	0.0083
1500009C09Rik	-2.2	0.15	0.23	1.1	0.23	0.75	0.07	0.95	0.96	2.2	0.083	0.25
1500009L16Rik	-0.4	0.0097	0.022	-0.37	0.32	0.83	-0.52	0.04	0.16	-0.11	0.54	0.68
1500011B03Rik	-0.23	0.17	0.26	0.43	0.066	0.34	-0.19	0.37	0.77	0.04	0.82	0.85
1500011K16Rik	0.25	0.56	0.64	0.16	0.81	0.9	0.69	0.3	0.67	0.44	0.46	0.68
1500012F01Rik	0.17	0.28	0.39	-0.66	0.12	0.5	-0.59	0.14	0.41	-0.76	0.083	0.25
1500015L24Rik	0.16	0.002	0.0048	-0.04	0.86	0.9	0.06	0.77	0.8	-0.1	0.64	0.68
1500015O10Rik	1.9	0.019	0.041	1.1	0.41	0.9	1.2	0.024	0.11	-0.71	0.18	0.47
1500016L03Rik	0.59	0.49	0.57	0.75	0.3	0.82	2.9	0.00028	0.011	2.3	0.028	0.11
1500017E21Rik	0.16	0.002	0.0048	-0.04	0.86	0.9	0.06	0.77	0.8	-0.1	0.64	0.68
1500035N22Rik	-1	0.43	0.53	-0.04	0.86	0.9	0.06	0.77	0.8	1.1	0.31	0.67
1520401A03Rik	-0.63	0.46	0.55	1.2	0.43	0.9	-1.7	0.26	0.59	-1	0.5	0.68
1600002D24Rik	0.16	0.002	0.0048	-0.04	0.86	0.9	0.06	0.77	0.8	-0.1	0.64	0.68
1600002H07Rik	0.26	0.024	0.049	0.01	0.97	0.98	0.4	0.095	0.3	0.14	0.46	0.68
1600002K03Rik	1	0.021	0.045	-0.44	0.58	0.9	0.94	0.21	0.54	-0.09	0.89	0.91
1600010F14Rik	0.16	0.002	0.0048	-0.04	0.86	0.9	0.06	0.77	0.8	-0.1	0.64	0.68
1600012H06Rik	-0.19	0.0054	0.012	0.1	0.54	0.9	-0.01	0.95	0.96	0.19	0.11	0.31
1600012P17Rik	-1.4	0.31	0.41	-1.6	0.31	0.83	-0.35	0.84	0.86	1.1	0.48	0.68
1600014C10Rik	-0.01	0.91	0.93	0.64	0.021	0.18	0.83	0.0082	0.053	0.84	0.0091	0.051
1600014C23Rik	-1	0.43	0.53	-0.04	0.86	0.9	0.06	0.77	0.8	1.1	0.31	0.67
1600014K23Rik	-1.3	0.059	0.11	0.12	0.92	0.95	1.4	0.29	0.64	2.7	0.082	0.25
1600015I10Rik	0.16	0.002	0.0048	-0.83	0.33	0.84	-0.73	0.37	0.77	-0.9	0.28	0.63
1600016N20Rik	-0.66	0.17	0.26	0.18	0.57	0.9	1.1	0.02	0.098	1.8	0.004	0.031